VariationThreadanzahl | TCPSimple-Implementation | 1 | 10 | 02,20 | 02,48 | 03,53 | 04,10 | 14,25 | 13,15 | 01,62 | 02,19 | 15,34 | 04,46 |  03,90 |  01,62 | 10 | 10 | 10 | 0 | 0 | 12 | 0 | 0 | 0 | 159 | 8,29 | 22.11.20 11:01:32:568 | 22.11.20 11:01:34:267
VariationThreadanzahl | TCPSimple-Implementation | 1 | 10 | 01,44 | 01,60 | 02,04 | 03,16 | 08,48 | 07,51 | 01,56 | 01,42 | 08,93 | 02,89 |  02,29 |  00,24 | 10 | 10 | 10 | 0 | 0 | 12 | 0 | 0 | 0 | 148 | 8,72 | 22.11.20 11:02:30:143 | 22.11.20 11:02:31:867
VariationThreadanzahl | TCPSimple-Implementation | 1 | 10 | 02,16 | 02,50 | 03,03 | 03,56 | 11,63 | 10,36 | 01,06 | 02,13 | 12,49 | 03,90 |  03,06 |  01,38 | 10 | 10 | 10 | 0 | 0 | 12 | 0 | 0 | 0 | 137 | 8,21 | 22.11.20 11:03:28:582 | 22.11.20 11:03:30:231
VariationThreadanzahl | TCPSimple-Implementation | 4 | 10 | 01,36 | 01,52 | 01,69 | 01,89 | 04,05 | 03,86 | 00,37 | 01,26 | 05,12 | 02,04 |  01,00 |  01,16 | 40 | 40 | 40 | 0 | 0 | 186 | 0 | 0 | 0 | 181 | 7,65 | 22.11.20 11:03:39:762 | 22.11.20 11:03:41:443
VariationThreadanzahl | TCPSimple-Implementation | 100 | 10 | 713,37 | 1052,67 | 1352,92 | 1617,00 | 1865,35 | 2445,80 | 564,32 | 05,84 | 2451,64 | 1313,68 |  454,47 |  146,26 | 1000 | 1000 | 1000 | 0 | 0 | 115050 | 0 | 0 | 0 | 334 | 28,44 | 22.11.20 11:04:34:048 | 22.11.20 11:04:54:215
VariationThreadanzahl | TCPSimple-Implementation | 100 | 10 | 786,23 | 1078,62 | 1397,51 | 1742,86 | 1996,03 | 2613,75 | 664,25 | 05,98 | 2619,73 | 1390,97 |  473,93 |  206,87 | 1000 | 1000 | 1000 | 0 | 0 | 115050 | 0 | 0 | 0 | 501 | 26,13 | 22.11.20 11:12:46:999 | 22.11.20 11:13:07:700
VariationThreadanzahl | TCPSimple-Implementation | 100 | 10 | 683,52 | 1082,76 | 1359,45 | 1666,94 | 1879,95 | 2387,95 | 584,17 | 05,82 | 2393,77 | 1327,45 |  464,90 |  140,46 | 1000 | 1000 | 1000 | 0 | 0 | 115050 | 0 | 0 | 0 | 626 | 26,51 | 22.11.20 17:19:54:854 | 22.11.20 17:20:14:486
VariationThreadanzahl | TCPSimple-Implementation | 1 | 10 | 01,88 | 02,01 | 02,77 | 03,56 | 11,69 | 10,70 | 01,55 | 01,88 | 12,58 | 03,67 |  03,20 |  01,44 | 10 | 10 | 10 | 0 | 0 | 12 | 0 | 0 | 0 | 176 | 8,60 | 11.04.21 14:20:33:404 | 11.04.21 14:20:35:107
VariationThreadanzahl | TCPSimple-Implementation | 1 | 10 | 01,49 | 01,68 | 02,25 | 02,95 | 11,51 | 10,96 | 01,27 | 01,48 | 12,43 | 03,18 |  03,30 |  00,61 | 10 | 10 | 10 | 0 | 0 | 12 | 0 | 0 | 0 | 172 | 7,45 | 11.04.21 20:48:11:591 | 11.04.21 20:48:13:133
VariationThreadanzahl | TCPSimple-Implementation | 10 | 10 | 02,03 | 02,36 | 03,31 | 05,22 | 15,23 | 20,46 | 02,86 | 01,84 | 22,31 | 05,22 |  05,10 |  03,82 | 100 | 100 | 100 | 0 | 0 | 1155 | 0 | 0 | 0 | 193 | 10,35 | 11.04.21 20:48:22:406 | 11.04.21 20:48:24:239
VariationThreadanzahl | TCPSimple-Implementation | 10 | 10 | 01,11 | 01,22 | 01,55 | 02,34 | 06,95 | 09,08 | 01,11 | 00,99 | 10,07 | 02,45 |  02,25 |  01,58 | 100 | 100 | 100 | 0 | 0 | 1155 | 0 | 0 | 0 | 192 | 8,58 | 11.04.21 20:48:36:356 | 11.04.21 20:48:38:162
VariationThreadanzahl | TCPSimple-Implementation | 100 | 10 | 499,01 | 789,47 | 1094,09 | 1379,55 | 1595,29 | 2208,30 | 590,08 | 06,77 | 2215,07 | 1074,59 |  415,56 |  157,34 | 1000 | 1000 | 1000 | 0 | 0 | 115050 | 0 | 0 | 0 | 354 | 29,91 | 11.04.21 20:48:45:930 | 11.04.21 20:49:02:916
VariationThreadanzahl | TCPSimple-Implementation | 10 | 10 | 02,25 | 02,58 | 03,26 | 09,35 | 38,79 | 124,41 | 06,76 | 01,87 | 126,28 | 11,24 |  17,92 |  06,95 | 100 | 100 | 100 | 0 | 0 | 1155 | 0 | 0 | 0 | 189 | 11,21 | 14.04.21 10:36:16:475 | 14.04.21 10:36:18:551
VariationThreadanzahl | TCPSimple-Implementation | 10 | 10 | 02,33 | 02,63 | 03,47 | 05,48 | 30,62 | 35,89 | 02,85 | 01,92 | 37,81 | 07,09 |  09,31 |  04,95 | 100 | 100 | 100 | 0 | 0 | 1155 | 0 | 0 | 0 | 187 | 12,52 | 14.04.21 11:14:04:102 | 14.04.21 11:14:05:992
VariationThreadanzahl | TCPSimple-Implementation | 10 | 10 | 01,20 | 01,36 | 01,71 | 02,31 | 05,08 | 09,25 | 00,94 | 00,90 | 10,14 | 02,37 |  01,98 |  01,57 | 100 | 100 | 100 | 0 | 0 | 1155 | 0 | 0 | 0 | 188 | 9,66 | 14.04.21 11:14:07:966 | 14.04.21 11:14:09:800
VariationThreadanzahl | TCPSimple-Implementation | 10 | 10 | 00,92 | 01,04 | 01,27 | 01,86 | 09,13 | 18,35 | 00,82 | 00,81 | 19,16 | 02,91 |  04,77 |  02,33 | 100 | 100 | 100 | 0 | 0 | 1155 | 0 | 0 | 0 | 186 | 8,30 | 14.04.21 11:14:12:669 | 14.04.21 11:14:14:499
VariationThreadanzahl | TCPSimple-Implementation | 100 | 10 | 617,81 | 896,44 | 1157,52 | 1397,42 | 1581,74 | 1925,59 | 500,99 | 07,23 | 1932,82 | 1127,21 |  369,83 |  192,26 | 1000 | 1000 | 1000 | 0 | 0 | 115050 | 0 | 0 | 0 | 440 | 29,90 | 14.04.21 11:14:18:270 | 14.04.21 11:14:35:030
VariationThreadanzahl | TCPSimple-Implementation | 10 | 10 | 02,02 | 02,30 | 02,98 | 04,27 | 29,71 | 31,21 | 01,97 | 01,58 | 32,79 | 06,04 |  08,87 |  04,18 | 100 | 100 | 100 | 0 | 0 | 1155 | 0 | 0 | 0 | 191 | 12,34 | 18.04.21 16:07:31:293 | 18.04.21 16:07:33:319
VariationThreadanzahl | TCPSimple-Implementation | 10 | 10 | 01,80 | 02,18 | 02,77 | 03,59 | 22,29 | 28,22 | 01,42 | 01,39 | 29,62 | 05,15 |  07,26 |  03,66 | 100 | 100 | 100 | 0 | 0 | 1155 | 0 | 0 | 0 | 191 | 12,91 | 18.04.21 16:16:42:841 | 18.04.21 16:16:44:799
VariationThreadanzahl | TCPSimple-Implementation | 10 | 10 | 01,87 | 02,20 | 02,90 | 04,58 | 22,44 | 23,05 | 02,38 | 01,52 | 24,57 | 05,54 |  06,52 |  03,73 | 100 | 100 | 100 | 0 | 0 | 1155 | 0 | 0 | 0 | 191 | 12,78 | 18.04.21 18:59:34:047 | 18.04.21 18:59:36:004
VariationThreadanzahl | TCPSimple-Implementation | 1 | 10 | 01,48 | 01,65 | 01,85 | 02,43 | 06,24 | 05,08 | 00,78 | 01,47 | 06,55 | 02,42 |  01,55 |  00,23 | 10 | 10 | 10 | 0 | 0 | 12 | 0 | 0 | 0 | 170 | 7,76 | 18.04.21 19:00:58:094 | 18.04.21 19:00:59:818
VariationThreadanzahl | TCPSimple-Implementation | 1 | 10 | 01,80 | 02,19 | 02,65 | 03,25 | 12,12 | 11,29 | 01,06 | 01,79 | 13,08 | 03,64 |  03,36 |  01,29 | 10 | 10 | 10 | 0 | 0 | 12 | 0 | 0 | 0 | 189 | 6,92 | 18.04.21 22:34:12:615 | 18.04.21 22:34:14:100
VariationThreadanzahl | TCPSimple-Implementation | 1 | 10 | 01,49 | 01,70 | 01,91 | 03,31 | 09,10 | 08,17 | 01,61 | 01,47 | 09,64 | 02,97 |  02,49 |  00,46 | 10 | 10 | 10 | 0 | 0 | 12 | 0 | 0 | 0 | 174 | 8,24 | 18.04.21 22:48:43:005 | 18.04.21 22:48:44:783
VariationThreadanzahl | TCPSimple-Implementation | 1 | 10 | 01,33 | 01,56 | 02,02 | 02,77 | 06,25 | 05,30 | 01,21 | 01,31 | 06,61 | 02,45 |  01,56 |  00,33 | 10 | 10 | 10 | 0 | 0 | 12 | 0 | 0 | 0 | 157 | 6,68 | 18.04.21 22:57:39:078 | 18.04.21 22:57:40:683
VariationThreadanzahl | TCPSimple-Implementation | 1 | 10 | 01,51 | 01,68 | 02,06 | 02,97 | 05,97 | 04,79 | 01,29 | 01,50 | 06,29 | 02,57 |  01,43 |  00,39 | 10 | 10 | 10 | 0 | 0 | 12 | 0 | 0 | 0 | 192 | 7,52 | 18.04.21 22:58:21:035 | 18.04.21 22:58:22:671
VariationThreadanzahl | TCPSimple-Implementation | 1 | 10 | 01,30 | 01,48 | 01,62 | 02,49 | 06,07 | 05,13 | 01,02 | 01,28 | 06,41 | 02,25 |  01,55 |  00,32 | 10 | 10 | 10 | 0 | 0 | 12 | 0 | 0 | 0 | 174 | 7,18 | 18.04.21 22:58:51:730 | 18.04.21 22:58:53:387
VariationThreadanzahl | TCPSimple-Implementation | 1 | 1 | 14,54 | 14,54 | 14,54 | 14,54 | 14,54 | 00,00 | 00,00 | 14,54 | 14,54 | 14,54 |  00,00 |  06,91 | 1 | 1 | 1 | 0 | 0 | 3 | 0 | 0 | 0 | 36 | 3,76 | 18.04.21 23:11:21:574 | 18.04.21 23:11:22:697
VariationThreadanzahl | TCPSimple-Implementation | 1 | 10 | 01,52 | 01,74 | 02,16 | 02,96 | 07,50 | 06,41 | 01,22 | 01,51 | 07,92 | 02,79 |  01,92 |  00,65 | 10 | 10 | 10 | 0 | 0 | 12 | 0 | 0 | 0 | 183 | 7,78 | 18.04.21 23:11:59:716 | 18.04.21 23:12:01:379
VariationThreadanzahl | TCPSimple-Implementation | 3 | 1 | 17,68 | 17,68 | 17,73 | 17,86 | 17,86 | 00,17 | 00,17 | 17,68 | 17,86 | 17,76 |  00,09 |  09,85 | 3 | 3 | 3 | 0 | 0 | 24 | 0 | 0 | 0 | 50 | 4,71 | 18.04.21 23:29:53:530 | 18.04.21 23:29:54:780
VariationThreadanzahl | TCPSimple-Implementation | 3 | 1 | 03,56 | 03,56 | 04,01 | 04,58 | 04,58 | 01,02 | 01,02 | 03,56 | 04,58 | 04,05 |  00,51 |  02,63 | 3 | 3 | 3 | 0 | 0 | 24 | 0 | 0 | 0 | 26 | 2,54 | 18.04.21 23:30:53:677 | 18.04.21 23:30:54:827
VariationThreadanzahl | TCPSimple-Implementation | 3 | 1 | 02,32 | 02,32 | 02,73 | 02,94 | 02,94 | 00,61 | 00,61 | 02,32 | 02,94 | 02,66 |  00,31 |  01,32 | 3 | 3 | 3 | 0 | 0 | 24 | 0 | 0 | 0 | 53 | 1,63 | 18.04.21 23:30:57:400 | 18.04.21 23:30:58:536
VariationThreadanzahl | TCPSimple-Implementation | 50 | 1 | 252,10 | 286,65 | 332,51 | 359,94 | 381,52 | 252,71 | 73,30 | 140,59 | 393,30 | 317,79 |  56,14 |  247,39 | 50 | 50 | 50 | 0 | 0 | 6275 | 0 | 0 | 0 | 189 | 20,30 | 18.04.21 23:31:06:479 | 18.04.21 23:31:08:930
VariationThreadanzahl | TCPSimple-Implementation | 50 | 20 | 73,44 | 158,29 | 239,77 | 315,64 | 386,92 | 601,70 | 157,35 | 03,49 | 605,20 | 235,79 |  115,36 |  24,96 | 1000 | 1000 | 1000 | 0 | 0 | 53775 | 0 | 0 | 0 | 355 | 24,58 | 18.04.21 23:31:16:064 | 18.04.21 23:31:24:871
VariationThreadanzahl | TCPSimple-Implementation | 50 | 10 | 1200,46 | 1349,90 | 1565,79 | 1778,82 | 2041,40 | 1893,38 | 428,92 | 615,21 | 2508,59 | 1581,68 |  332,03 |  1570,10 | 500 | 500 | 500 | 0 | 0 | 43467 | 0 | 0 | 0 | 306 | 15,74 | 18.04.21 23:33:49:660 | 18.04.21 23:34:13:171
VariationThreadanzahl | TCPSimple-Implementation | 100 | 10 | 1079,26 | 1321,45 | 1777,04 | 4131,56 | 6046,97 | 7333,14 | 2810,11 | 17,48 | 7350,62 | 2743,57 |  1914,31 |  803,37 | 1000 | 1000 | 1000 | 0 | 0 | 175050 | 0 | 0 | 0 | 520 | 25,35 | 18.04.21 23:33:39:797 | 18.04.21 23:34:19:304
VariationThreadanzahl | TCPSimple-Implementation | 1 | 10 | 02,14 | 02,47 | 02,70 | 04,10 | 15,97 | 15,14 | 01,63 | 02,12 | 17,25 | 04,36 |  04,59 |  01,63 | 10 | 10 | 10 | 0 | 0 | 12 | 0 | 0 | 0 | 148 | 9,86 | 19.04.21 17:13:39:214 | 19.04.21 17:13:40:999
VariationThreadanzahl | TCPSimple-Implementation | 10 | 10 | 01,80 | 02,31 | 03,03 | 05,79 | 14,14 | 22,22 | 03,48 | 01,64 | 23,86 | 05,41 |  05,28 |  03,56 | 100 | 100 | 100 | 0 | 0 | 1155 | 0 | 0 | 0 | 193 | 14,93 | 19.04.21 17:13:46:890 | 19.04.21 17:13:48:725
VariationThreadanzahl | TCPSimple-Implementation | 1 | 10 | 01,13 | 01,33 | 01,58 | 02,68 | 05,37 | 04,51 | 01,35 | 01,11 | 05,62 | 02,17 |  01,36 |  00,23 | 10 | 10 | 10 | 0 | 0 | 12 | 0 | 0 | 0 | 188 | 7,89 | 19.04.21 17:53:21:469 | 19.04.21 17:53:23:175
VariationThreadanzahl | TCPSimple-Implementation | 10 | 10 | 01,54 | 01,76 | 02,31 | 03,46 | 08,84 | 14,60 | 01,70 | 01,35 | 15,95 | 03,50 |  03,29 |  01,99 | 100 | 100 | 100 | 0 | 0 | 1155 | 0 | 0 | 0 | 190 | 11,13 | 19.04.21 17:53:28:537 | 19.04.21 17:53:30:301
VariationThreadanzahl | TCPSimple-Implementation | 10 | 10 | 02,30 | 02,92 | 04,19 | 06,26 | 23,33 | 25,58 | 03,35 | 01,88 | 27,46 | 06,39 |  06,67 |  04,33 | 100 | 100 | 100 | 0 | 0 | 1155 | 0 | 0 | 0 | 183 | 12,64 | 20.04.21 13:26:53:738 | 20.04.21 13:26:55:653
VariationThreadanzahl | TCPSimple-Implementation | 100 | 10 | 1491,37 | 2426,57 | 5075,26 | 5998,98 | 7434,23 | 12168,87 | 3572,41 | 59,06 | 12227,93 | 4648,83 |  2365,81 |  2992,96 | 1000 | 1000 | 1000 | 0 | 0 | 222219 | 0 | 0 | 0 | 509 | 21,47 | 20.04.21 14:06:00:087 | 20.04.21 14:07:04:084
VariationThreadanzahl | TCPSimple-Implementation | 100 | 10 | 3490,12 | 4290,49 | 5102,43 | 5789,40 | 6322,09 | 9656,70 | 1498,91 | 28,26 | 9684,97 | 5102,62 |  1379,44 |  4800,11 | 1000 | 1000 | 1000 | 0 | 0 | 189976 | 0 | 0 | 0 | 547 | 18,70 | 20.04.21 14:06:04:327 | 20.04.21 14:07:08:101
VariationThreadanzahl | TCPSimple-Implementation | 100 | 10 | 751,10 | 1026,40 | 1286,60 | 1550,04 | 1746,91 | 2190,33 | 523,64 | 05,97 | 2196,30 | 1261,41 |  394,12 |  144,34 | 1000 | 1000 | 1000 | 0 | 0 | 115050 | 0 | 0 | 0 | 691 | 29,57 | 20.04.21 14:08:55:599 | 20.04.21 14:09:14:954
VariationThreadanzahl | TCPSimple-Implementation | 20 | 10 | 04,50 | 11,09 | 26,83 | 48,27 | 79,84 | 142,21 | 37,18 | 02,32 | 144,53 | 34,31 |  29,84 |  10,37 | 200 | 200 | 200 | 0 | 0 | 4610 | 0 | 0 | 0 | 194 | 16,03 | 01.08.21 09:16:43:928 | 01.08.21 09:16:46:344
VariationThreadanzahl | TCPSimple-Implementation | 50 | 10 | 392,53 | 615,16 | 912,41 | 1158,25 | 1316,05 | 1833,73 | 543,09 | 07,41 | 1841,14 | 881,91 |  362,19 |  94,10 | 500 | 500 | 500 | 0 | 0 | 28775 | 0 | 0 | 0 | 157 | 29,68 | 27.09.21 10:36:51:534 | 27.09.21 10:37:05:278
